Scatterer_ocean
{
	Ocean
	{
		name = Muna
		AMP = 0.850000024
		m_windSpeed = 12
		m_omega = 1
		m_gravity = 8.77971363
		maxWaveInteractionShipAltitude = 500
		m_whiteCapStr = 0.100000001
		shoreFoam = 1
		m_farWhiteCapStr = -0.200000003
		m_oceanUpwellingColor = 0.00980000012,0.0749500021,0.0799999982
		m_UnderwaterColor = 0.123499997,0.748780012,0.798799992
		offScreenVertexStretch = 1.25
		alphaRadius = 1400
		transparencyDepth = 4000
		darknessDepth = 4000
		refractionIndex = 4.32999992
		skyReflectionStrength = 2
		causticsTexturePath = AfterSolarSystem/Terrain/Caustics2.png
		causticsLayer1Scale = 0.200000003,0.200000003
		causticsLayer1Speed = 0.0250000004,-0.0149999997
		causticsLayer2Scale = 0.270000011,0.25999999
		causticsLayer2Speed = -0.0199999996,0.0320000015
		causticsMultiply = 1.5
		causticsUnderwaterLightBoost = 3
		causticsMinBrightness = 0.340000004
		causticsBlurDepth = 400
		lightRaysStrength = 1
	}
}
