//Scatterer_ocean
{
	Ocean
	{
		name = Pluto
		AMP = 1
		m_windSpeed = 3
		m_omega = 1
		m_gravity = 1.5
		maxWaveInteractionShipAltitude = 500
		m_whiteCapStr = 0.100000001
		shoreFoam = 1
		m_farWhiteCapStr = -0.200000003
		m_oceanUpwellingColor = 0.00270000007,0.00400000019,0.00949999969
		m_UnderwaterColor = 0.0551999994,0.0863000005,0.201000005
		offScreenVertexStretch = 1.25
		alphaRadius = 1400
		transparencyDepth = 20
		darknessDepth = 15
		refractionIndex = 1.29999995
		skyReflectionStrength = 0.100000001
		causticsTexturePath = AfterSolarSystem/Terrain/Caustics2.png
		causticsLayer1Scale = 0.119999997,0.119999997
		causticsLayer1Speed = 0.0260000005,-0.00490000006
		causticsLayer2Scale = 0.699999988,0.699999988
		causticsLayer2Speed = 0.023,0.0299999993
		causticsMultiply = 1.5
		causticsUnderwaterLightBoost = 1
		causticsMinBrightness = 0.699999988
		causticsBlurDepth = 10
		lightRaysStrength = 1
	}
	AfterSolarSystemSettings
	{
		Bodyicon = True
		HomeWorldName = Mars
		DeeptoIceGiant = False
		ThePlanetNine = True
		TheMuna = False
	}
}
