Scatterer_ocean
{
	Ocean
	{
		name = Callisto
		AMP = 1.27499998
		m_windSpeed = 6.76000023
		m_omega = 0.730000019
		m_gravity = 9.81000042
		maxWaveInteractionShipAltitude = 500
		m_whiteCapStr = 0.100000001
		shoreFoam = 1
		m_farWhiteCapStr = 0.100000001
		m_oceanUpwellingColor = 0.0799999982,0.200000003,0.300000012
		m_UnderwaterColor = 0.310000002,0.640999973,0.721000016
		offScreenVertexStretch = 1.25
		alphaRadius = 1000
		transparencyDepth = 1200
		darknessDepth = 1200
		refractionIndex = 1.75
		skyReflectionStrength = 1
		causticsTexturePath = AfterSolarSystem/Terrain/Caustics2.png
		causticsLayer1Scale = 0.200000003,0.200000003
		causticsLayer1Speed = 0.064000003,-0.0148999998
		causticsLayer2Scale = 0.270000011,0.25999999
		causticsLayer2Speed = 0.0700000003,0.0599999987
		causticsMultiply = 1
		causticsUnderwaterLightBoost = 4
		causticsMinBrightness = 0.349999994
		causticsBlurDepth = 170
		lightRaysStrength = 2
	}
}
