Scatterer_ocean
{
	Ocean
	{
		name = Europa
		AMP = 1.30999994
		m_windSpeed = 8.5
		m_omega = 2.24000001
		m_gravity = 10
		maxWaveInteractionShipAltitude = 500
		m_whiteCapStr = 0.200000003
		shoreFoam = 1.20000005
		m_farWhiteCapStr = -0.180000007
		m_oceanUpwellingColor = 0.00999999978,0.0390000008,0.187800005
		m_UnderwaterColor = 0.135000005,0.519999981,0.628799975
		offScreenVertexStretch = 1.25
		alphaRadius = 1000
		transparencyDepth = 1800
		darknessDepth = 1500
		refractionIndex = 1.5
		skyReflectionStrength = 1
		causticsTexturePath = AfterSolarSystem/Terrain/Caustics2.png
		causticsLayer1Scale = 0.8125,-0.8125
		causticsLayer1Speed = 0.0612000003,-0.151199996
		causticsLayer2Scale = 0.680999994,0.680999994
		causticsLayer2Speed = -0.0174870007,0.0174870007
		causticsMultiply = 1.20000005
		causticsUnderwaterLightBoost = 13
		causticsMinBrightness = 0.150000006
		causticsBlurDepth = 1800
		lightRaysStrength = 1
	}
}
