Scatterer_ocean
{
	Ocean
	{
		name = Europa
		AMP = 2.71000004
		m_windSpeed = 10.5
		m_omega = 0.74000001
		m_gravity = 10
		maxWaveInteractionShipAltitude = 500
		m_whiteCapStr = 0.119999997
		shoreFoam = 1
		m_farWhiteCapStr = 0.100000001
		m_oceanUpwellingColor = 0.00999999978,0.0390000008,0.187800005
		m_UnderwaterColor = 0.135000005,0.519999981,0.628799975
		offScreenVertexStretch = 1.25
		alphaRadius = 1000
		transparencyDepth = 368
		darknessDepth = 368
		refractionIndex = 1.75
		skyReflectionStrength = 1
		causticsTexturePath = AfterSolarSystem/Terrain/Caustics2.png
		causticsLayer1Scale = 0.8125,-0.8125
		causticsLayer1Speed = 0.0612000003,-0.151199996
		causticsLayer2Scale = 0.680999994,0.680999994
		causticsLayer2Speed = -0.0174870007,0.0174870007
		causticsMultiply = 1
		causticsUnderwaterLightBoost = 1
		causticsMinBrightness = 0.340000004
		causticsBlurDepth = 300
		lightRaysStrength = 1
	}
}
