Scatterer_ocean
{
	Ocean
	{
		name = Mars
		AMP = 1.45000005
		m_windSpeed = 15
		m_omega = 1.52100003
		m_gravity = 6.75946999
		maxWaveInteractionShipAltitude = 500
		m_whiteCapStr = 0.100000001
		shoreFoam = 1
		m_farWhiteCapStr = -0.200000003
		m_oceanUpwellingColor = 0.00798000023,0.0595999993,0.0639000013
		m_UnderwaterColor = 0.409999996,0.548780024,0.598800004
		offScreenVertexStretch = 1.25
		alphaRadius = 1400
		transparencyDepth = 1000
		darknessDepth = 2500
		refractionIndex = 2.32999992
		skyReflectionStrength = 1
		causticsTexturePath = AfterSolarSystem/Terrain/Caustics2.png
		causticsLayer1Scale = 0.200000003,0.200000003
		causticsLayer1Speed = 0.0250000004,-0.0149999997
		causticsLayer2Scale = 0.270000011,0.25999999
		causticsLayer2Speed = -0.0199999996,0.0209999997
		causticsMultiply = 1
		causticsUnderwaterLightBoost = 2.5
		causticsMinBrightness = 0.25
		causticsBlurDepth = 150
		lightRaysStrength = 1.5
	}
	AfterSolarSystemSettings
	{
		Bodyicon = True
		HomeWorldName = Mars
		DeeptoIceGiant = False
		ThePlanetNine = False
		TheMuna = False
	}
}
