Scatterer_ocean
{
	Ocean
	{
		name = Mars
		AMP = 0.5
		m_windSpeed = 5
		m_omega = 1
		m_gravity = 3.75946879
		maxWaveInteractionShipAltitude = 500
		m_whiteCapStr = 0.100000001
		shoreFoam = 1
		m_farWhiteCapStr = -0.200000003
		m_oceanUpwellingColor = 0.00980000012,0.0749500021,0.0799999982
		m_UnderwaterColor = 0.123499997,0.748780012,0.798799992
		offScreenVertexStretch = 1.25
		alphaRadius = 1400
		transparencyDepth = 100
		darknessDepth = 2500
		refractionIndex = 2.32999992
		skyReflectionStrength = 2
		causticsTexturePath = AfterSolarSystem/Terrain/Caustics2.png
		causticsLayer1Scale = 0.200000003,0.200000003
		causticsLayer1Speed = 0.0250000004,-0.0149999997
		causticsLayer2Scale = 0.270000011,0.25999999
		causticsLayer2Speed = -0.0199999996,0.0209999997
		causticsMultiply = 1
		causticsUnderwaterLightBoost = 2.5
		causticsMinBrightness = 0.25
		causticsBlurDepth = 150
		lightRaysStrength = 1.5
	}
}
