Scatterer_ocean
{
	Ocean
	{
		name = Titan
		AMP = 0.119999997
		m_windSpeed = 4.19999981
		m_omega = 0.5
		m_gravity = 10
		maxWaveInteractionShipAltitude = 500
		m_whiteCapStr = 0.100000001
		shoreFoam = 1
		m_farWhiteCapStr = -0.200000003
		m_oceanUpwellingColor = 0.0780000016,0.0749500021,0.0799999982
		m_UnderwaterColor = 0.723060012,0.754679978,0.798680007
		offScreenVertexStretch = 1.25
		alphaRadius = 1400
		transparencyDepth = 120
		darknessDepth = 1000
		refractionIndex = 1.33000004
		skyReflectionStrength = 1
		causticsTexturePath = AfterSolarSystem/Terrain/Caustics3.png
		causticsLayer1Scale = 0.200000003,0.200000003
		causticsLayer1Speed = 0.119999997,0.00999999978
		causticsLayer2Scale = 0.150000006,-0.150000006
		causticsLayer2Speed = 0.0170000009,-0.0120000001
		causticsMultiply = 1
		causticsUnderwaterLightBoost = 2
		causticsMinBrightness = 0.25999999
		causticsBlurDepth = 100
		lightRaysStrength = 1
	}
}
