Scatterer_ocean
{
	Ocean
	{
		name = Ganymede
		AMP = 2.25
		m_windSpeed = 15
		m_omega = 1.13999999
		m_gravity = 10.4364405
		maxWaveInteractionShipAltitude = 500
		m_whiteCapStr = 0.200000003
		shoreFoam = 1.20000005
		m_farWhiteCapStr = -0.180000007
		m_oceanUpwellingColor = 0.00100000005,0.00389999989,0.0187800005
		m_UnderwaterColor = 0.135000005,0.519999981,0.628799975
		offScreenVertexStretch = 1.25
		alphaRadius = 1000
		transparencyDepth = 600
		darknessDepth = 6000
		refractionIndex = 1.37
		skyReflectionStrength = 1
		causticsTexturePath = AfterSolarSystem/Terrain/Caustics1.png
		causticsLayer1Scale = 0.25,0.25
		causticsLayer1Speed = 0.0612000003,-0.151199996
		causticsLayer2Scale = -0.649999976,0.649999976
		causticsLayer2Speed = -0.0500000007,0.0399999991
		causticsMultiply = 1
		causticsUnderwaterLightBoost = 4
		causticsMinBrightness = 0.219999999
		causticsBlurDepth = 620
		lightRaysStrength = 1.79999995
	}
	AfterSolarSystemSettings
	{
		Bodyicon = True
		HomeWorldName = Mars
		DeeptoIceGiant = False
		ThePlanetNine = True
		TheMuna = True
	}
}
