Scatterer_ocean
{
	Ocean
	{
		name = Triton
		AMP = 1
		m_windSpeed = 7
		m_omega = 0.839999974
		m_gravity = 20
		maxWaveInteractionShipAltitude = 500
		m_whiteCapStr = 0.100000001
		shoreFoam = 1
		m_farWhiteCapStr = -0.200000003
		m_oceanUpwellingColor = 0.0135000004,0.0751999989,0.0850000009
		m_UnderwaterColor = 0.150000006,0.779999971,0.819999993
		offScreenVertexStretch = 1.25
		alphaRadius = 1400
		transparencyDepth = 100
		darknessDepth = 3800
		refractionIndex = 1.33000004
		skyReflectionStrength = 1
		causticsTexturePath = 
		causticsLayer1Scale = 0.200000003,0.200000003
		causticsLayer1Speed = 0.064000003,-0.0140000004
		causticsLayer2Scale = 0.270000011,0.259990007
		causticsLayer2Speed = -0.0799899995,0.200000003
		causticsMultiply = 1
		causticsUnderwaterLightBoost = 1.35000002
		causticsMinBrightness = 1
		causticsBlurDepth = 400
		lightRaysStrength = 2
	}
}
