Scatterer_ocean
{
	Ocean
	{
		name = TycheII
		AMP = 0.850000024
		m_windSpeed = 12
		m_omega = 1
		m_gravity = 3.78053308
		maxWaveInteractionShipAltitude = 500
		m_whiteCapStr = 0.469999999
		shoreFoam = 1
		m_farWhiteCapStr = 0.469999999
		m_oceanUpwellingColor = 0.0199999996,0.0199999996,0.0199999996
		m_UnderwaterColor = 0.00999999978,0.075000003,0.0799999982
		offScreenVertexStretch = 1.25
		alphaRadius = 1000
		transparencyDepth = 100
		darknessDepth = 300
		refractionIndex = 1.33000004
		skyReflectionStrength = 0.239999995
		causticsTexturePath = StockScattererConfigs/Planets/Caustics.png
		causticsLayer1Scale = 0.200000003,0.200000003
		causticsLayer1Speed = 0.0612000003,-0.151199996
		causticsLayer2Scale = 0.277099997,0.267100006
		causticsLayer2Speed = -0.0748699978,0.174869999
		causticsMultiply = 1
		causticsUnderwaterLightBoost = 2
		causticsMinBrightness = 0.5
		causticsBlurDepth = 200
		lightRaysStrength = 0.409999996
	}
}
