Scatterer_ocean
{
	Ocean
	{
		name = TycheII
		AMP = 0.25
		m_windSpeed = 5
		m_omega = 1.35000002
		m_gravity = 10.78053
		maxWaveInteractionShipAltitude = 500
		m_whiteCapStr = 0.469999999
		shoreFoam = 1
		m_farWhiteCapStr = 0.469999999
		m_oceanUpwellingColor = 0.0199999996,0.0399999991,0.0599999987
		m_UnderwaterColor = 0.00999999978,0.075000003,0.0799999982
		offScreenVertexStretch = 1.25
		alphaRadius = 1000
		transparencyDepth = 100
		darknessDepth = 800
		refractionIndex = 1.75999999
		skyReflectionStrength = 1
		causticsTexturePath = AfterSolarSystem/Terrain/Caustics4.png
		causticsLayer1Scale = 0.200000003,0.200000003
		causticsLayer1Speed = 0.0612000003,-0.151199996
		causticsLayer2Scale = 0.277099997,0.267100006
		causticsLayer2Speed = -0.0748699978,0.174869999
		causticsMultiply = 2.5
		causticsUnderwaterLightBoost = 6
		causticsMinBrightness = 0.349999994
		causticsBlurDepth = 200
		lightRaysStrength = 2
	}
}
