Scatterer_ocean
{
	Ocean
	{
		name = _Eris
		AMP = 0.949999988
		m_windSpeed = 12
		m_omega = 1.14999998
		m_gravity = 10.8226299
		maxWaveInteractionShipAltitude = 500
		m_whiteCapStr = 0.150000006
		shoreFoam = 1
		m_farWhiteCapStr = -0.200000003
		m_oceanUpwellingColor = 0.0500000007,0.0799999982,0.0900000036
		m_UnderwaterColor = 0.5,0.800000012,0.899999976
		offScreenVertexStretch = 1.5
		alphaRadius = 1400
		transparencyDepth = 350
		darknessDepth = 100
		refractionIndex = 1.33000004
		skyReflectionStrength = 1
		causticsTexturePath = AfterSolarSystem/Terrain/Caustics4.png
		causticsLayer1Scale = 0.25,0.25
		causticsLayer1Speed = 0.0132999998,-0.0230999999
		causticsLayer2Scale = 0.150000006,-0.150000006
		causticsLayer2Speed = 0.0227000006,-0.0227000006
		causticsMultiply = 2.3499999
		causticsUnderwaterLightBoost = 2
		causticsMinBrightness = 0.349999994
		causticsBlurDepth = 200
		lightRaysStrength = 0.5
	}
}
