Scatterer_ocean
{
	Ocean
	{
		name = Nemesis_b
		AMP = 1
		m_windSpeed = 15
		m_omega = 1.24000001
		m_gravity = 19.6830997
		maxWaveInteractionShipAltitude = 500
		m_whiteCapStr = 0.200000003
		shoreFoam = 1.20000005
		m_farWhiteCapStr = -0.180000007
		m_oceanUpwellingColor = 0.00100000005,0.00389999989,0.0187800005
		m_UnderwaterColor = 0.135000005,0.519999981,0.628799975
		offScreenVertexStretch = 1.25
		alphaRadius = 1000
		transparencyDepth = 60
		darknessDepth = 1000
		refractionIndex = 1.33000004
		skyReflectionStrength = 1
		causticsTexturePath = AfterSolarSystem/Terrain/Caustics2.png
		causticsLayer1Scale = 0.200000003,0.200000003
		causticsLayer1Speed = 0.0612000003,-0.0251199994
		causticsLayer2Scale = 0.150000006,0.159999996
		causticsLayer2Speed = -0.0248700008,0.0274870005
		causticsMultiply = 1.5
		causticsUnderwaterLightBoost = 4
		causticsMinBrightness = 0.349999994
		causticsBlurDepth = 120
		lightRaysStrength = 2
	}
}
