Scatterer_ocean
{
	Ocean
	{
		name = Neptune
		AMP = 0.0710000023
		m_windSpeed = 50
		m_omega = 0.810000002
		m_gravity = 5
		maxWaveInteractionShipAltitude = 500
		m_whiteCapStr = 0.899999976
		shoreFoam = 0.200000003
		m_farWhiteCapStr = -0.899999976
		m_oceanUpwellingColor = 0.129999995,0.27579999,0.379999995
		m_UnderwaterColor = 0.381000012,0.474999994,0.579999983
		offScreenVertexStretch = 1.25
		alphaRadius = 2000
		transparencyDepth = 70
		darknessDepth = 50
		refractionIndex = 1.37
		skyReflectionStrength = 0.100000001
		causticsTexturePath = AfterSolarSystem/Terrain/Caustics2.png
		causticsLayer1Scale = 1,1
		causticsLayer1Speed = -0.00499999989,-0.00499999989
		causticsLayer2Scale = -0.649999976,0.649999976
		causticsLayer2Speed = -0.00710000005,0.00710000005
		causticsMultiply = 0.800000012
		causticsUnderwaterLightBoost = 0.600000024
		causticsMinBrightness = 0.400000006
		causticsBlurDepth = 40
		lightRaysStrength = 1
	}
}
