// @Scatterer_ocean
{
	@Ocean
	{
		name = Kerbin
		AMP = 1.35000002
		m_windSpeed = 5.5
		m_omega = 0.850000024
		m_gravity = 9.88000011
		maxWaveInteractionShipAltitude = 500
		m_whiteCapStr = 0.100000001
		shoreFoam = 1
		m_farWhiteCapStr = -0.200000003
		m_oceanUpwellingColor = 0.00980000012,0.0749500021,0.0799999982
		m_UnderwaterColor = 0.123499997,0.748780012,0.798799992
		offScreenVertexStretch = 1.25
		alphaRadius = 1400
		transparencyDepth = 100
		darknessDepth = 8000
		refractionIndex = 1.33000004
		skyReflectionStrength = 2
		causticsTexturePath = scatterer/config/Planets/Caustics.png
		causticsLayer1Scale = 0.200000003,0.200000003
		causticsLayer1Speed = 0.0649999976,-0.0149999997
		causticsLayer2Scale = 0.270000011,0.25999999
		causticsLayer2Speed = -0.0799999982,0.200000003
		causticsMultiply = 1
		causticsUnderwaterLightBoost = 1.35000002
		causticsMinBrightness = 2
		causticsBlurDepth = 190
		lightRaysStrength = 2
	}
}
