Scatterer_ocean
{
	Ocean
	{
		name = Europa
		AMP = 1.5
		m_windSpeed = 15
		m_omega = 1.24000001
		m_gravity = 10
		maxWaveInteractionShipAltitude = 500
		m_whiteCapStr = 0.200000003
		shoreFoam = 1.20000005
		m_farWhiteCapStr = -0.180000007
		m_oceanUpwellingColor = 0.00100000005,0.00389999989,0.0187800005
		m_UnderwaterColor = 0.135000005,0.519999981,0.628799975
		offScreenVertexStretch = 1.25
		alphaRadius = 1000
		transparencyDepth = 28000
		darknessDepth = 15000
		refractionIndex = 1.33000004
		skyReflectionStrength = 1
		causticsTexturePath = AfterSolarSystem/Terrain/Caustics2.png
		causticsLayer1Scale = 0.25,0.25
		causticsLayer1Speed = 0.0612000003,-0.151199996
		causticsLayer2Scale = 0.100000001,0.100000001
		causticsLayer2Speed = -0.0748699978,0.174869999
		causticsMultiply = 1
		causticsUnderwaterLightBoost = 8
		causticsMinBrightness = 0.400000006
		causticsBlurDepth = 18000
		lightRaysStrength = 1
	}
}
