Scatterer_ocean
{
	Ocean
	{
		name = Uranus
		AMP = 0.150000006
		m_windSpeed = 4.5
		m_omega = 2.1500001
		m_gravity = 9.29360008
		maxWaveInteractionShipAltitude = 500
		m_whiteCapStr = 0.899999976
		shoreFoam = 0.5
		m_farWhiteCapStr = -0.899999976
		m_oceanUpwellingColor = 0.230000004,0.758000016,0.800000012
		m_UnderwaterColor = 0.50999999,0.449999988,0.5
		offScreenVertexStretch = 1.25
		alphaRadius = 2000
		transparencyDepth = 90000
		darknessDepth = 70000
		refractionIndex = 1.37
		skyReflectionStrength = 1
		causticsTexturePath = AfterSolarSystem/Terrain/Caustics1.png
		causticsLayer1Scale = 0.180000007,0.180000007
		causticsLayer1Speed = 0.0161199998,-0.0151199996
		causticsLayer2Scale = -0.649999976,0.649999976
		causticsLayer2Speed = -0.0120000001,0.0120000001
		causticsMultiply = 1
		causticsUnderwaterLightBoost = 2
		causticsMinBrightness = 0.200000003
		causticsBlurDepth = 70000
		lightRaysStrength = 1
	}
}
