Scatterer_ocean
{
	Ocean
	{
		name = Uranus
		AMP = 5
		m_windSpeed = 20
		m_omega = 1.35000002
		m_gravity = 20
		maxWaveInteractionShipAltitude = 500
		m_whiteCapStr = 0.899999976
		shoreFoam = 0.5
		m_farWhiteCapStr = -0.899999976
		m_oceanUpwellingColor = 0.230000004,0.758000016,0.800000012
		m_UnderwaterColor = 0.810000002,0.75,0.800000012
		offScreenVertexStretch = 1.25
		alphaRadius = 2000
		transparencyDepth = 150000
		darknessDepth = 180000
		refractionIndex = 1.37
		skyReflectionStrength = 1
		causticsTexturePath = AfterSolarSystem/Terrain/Caustics1.png
		causticsLayer1Scale = 0.180000007,0.180000007
		causticsLayer1Speed = 0.0161199998,-0.0151199996
		causticsLayer2Scale = -0.649999976,0.649999976
		causticsLayer2Speed = -0.0120000001,0.0120000001
		causticsMultiply = 1
		causticsUnderwaterLightBoost = 2
		causticsMinBrightness = 0.200000003
		causticsBlurDepth = 150000
		lightRaysStrength = 1
	}
}
