Scatterer_atmosphere
{
	Atmo
	{
		name = Sedna
		atmosphereStartRadiusScale = 1
		HR = 80
		HM = 48.5999985
		m_betaR = 0.00221165991,0.000924377004,0.00049148011
		BETA_MSca = 0.00350000011,0.00350000011,0.00350000011
		m_mieG = 0.25
		ozoneAbsorption = 0.000342599989,0.000829799974,3.60000013E-05
		ozoneHeight = 25
		ozoneFalloff = 15
		useOzone = False
		averageGroundReflectance = 0.100000001
		multipleScattering = True
		godrayStrength = 0.800000012
		flattenScaledSpaceMesh = 0
		rimBlend = 45
		rimpower = 7500
		specR = 10
		specG = 10
		specB = 10
		shininess = 19.4500008
		noonSunlightExtinctionStrength = 1
		cloudColorMultiplier = 3
		cloudScatteringMultiplier = 0.200000003
		cloudSkyIrradianceMultiplier = 0.100000001
		volumetricsColorMultiplier = 1
		EVEIntegration_preserveCloudColors = False
		adjustScaledTexture = False
		scaledLandBrightnessAdjust = 1.14999998
		scaledLandContrastAdjust = 1.29999995
		scaledLandSaturationAdjust = 1
		scaledOceanBrightnessAdjust = 0.899999976
		scaledOceanContrastAdjust = 1
		scaledOceanSaturationAdjust = 1
		configPoints
		{
			Item
			{
				altitude = 80000
				skyExposure = 0.00779999979
				skyAlpha = 1
				skyExtinctionTint = 1
				scatteringExposure = 0.00822000019
				extinctionThickness = 1
				postProcessAlpha = 0.00999999978
				postProcessDepth = 5.80000005E-06
				extinctionTint = 1
			}
		}
	}
}
